index,0,1,2
26457,0.01,0.11,0.88
26458,0.48,0.16666666666666663,0.3533333333333333
26459,0.04,0.1,0.86
26460,0.023666666666666662,0.05,0.9263333333333332
26461,0.07,0.2075,0.7225
26462,0.04,0.05,0.91
26463,0.3925,0.5875,0.02
26464,0.01,0.02,0.97
26465,0.03,0.125,0.845
26466,0.03,0.24,0.73
26467,0.0,0.25333333333333335,0.7466666666666667
26468,0.0,0.0,1.0
26469,0.76,0.07,0.17
26470,0.0475,0.17,0.7825
26471,0.03,0.07333333333333333,0.8966666666666666
26472,0.21,0.11800000000000001,0.672
26473,0.01,0.027999999999999997,0.9620000000000001
26474,0.135,0.865,0.0
26475,0.5416666666666667,0.26166666666666666,0.19666666666666666
26476,0.02,0.04833333333333334,0.9316666666666665
26477,0.13433333333333333,0.14,0.7256666666666667
26478,0.14,0.04,0.82
26479,0.018333333333333333,0.14,0.8416666666666667
26480,0.05,0.16,0.79
26481,0.02125,0.64,0.33875
26482,0.16,0.0,0.84
26483,0.01,0.22,0.77
26484,0.1,0.19,0.71
26485,0.03,0.02,0.95
26486,0.03,0.141,0.8290000000000001
26487,0.222,0.13266666666666665,0.6453333333333333
26488,0.07,0.9,0.03
26489,0.0,0.32,0.68
26490,0.095,0.37,0.535
26491,0.0,0.02,0.98
26492,0.016,0.19,0.794
26493,0.86,0.14,0.0
26494,0.02,0.13,0.85
26495,0.04,0.07333333333333333,0.8866666666666667
26496,0.19833333333333336,0.05,0.7516666666666667
26497,0.01,0.88,0.11
26498,0.535,0.32,0.145
26499,0.0,0.11,0.89
26500,0.02,0.23,0.75
26501,0.07,0.29166666666666663,0.6383333333333333
26502,0.02,0.01,0.97
26503,0.15,0.5016666666666667,0.3483333333333333
26504,0.06,0.27,0.67
26505,0.05,0.05,0.9
26506,0.035,0.935,0.03
26507,0.09,0.9,0.01
26508,0.27,0.2966666666666667,0.43333333333333335
26509,0.12,0.09,0.79
26510,0.0,0.05,0.95
26511,0.04,0.02,0.94
26512,0.09,0.08,0.83
26513,0.0,0.04333333333333333,0.9566666666666667
26514,0.03,0.075,0.895
26515,0.085,0.02,0.895
26516,0.01,0.36,0.63
26517,0.29,0.7,0.01
26518,0.24,0.13,0.63
26519,0.785,0.016666666666666666,0.19833333333333333
26520,0.01,0.89,0.1
26521,0.0,0.06,0.94
26522,0.11,0.2425,0.6475
26523,0.07,0.14,0.79
26524,0.05,0.254,0.696
26525,0.37,0.056666666666666664,0.5733333333333333
26526,0.015,0.04,0.945
26527,0.06,0.71,0.23
26528,0.016666666666666666,0.9833333333333333,0.0
26529,0.63,0.02,0.35
26530,0.08,0.19,0.73
26531,0.0,0.0,1.0
26532,0.69,0.02,0.29
26533,0.14,0.13,0.73
26534,0.11800000000000001,0.11,0.772
26535,0.03,0.065,0.905
26536,0.10166666666666668,0.15,0.7483333333333334
26537,0.05,0.05,0.9
26538,0.04,0.36,0.6
26539,0.06,0.13166666666666668,0.8083333333333335
26540,0.21,0.26,0.53
26541,0.01,0.01,0.98
26542,0.03,0.07,0.9
26543,0.03,0.07,0.9
26544,0.17,0.175,0.655
26545,0.04,0.17,0.79
26546,0.02,0.15,0.83
26547,0.026000000000000002,0.01,0.9640000000000001
26548,0.03333333333333333,0.02,0.9466666666666665
26549,0.38,0.62,0.0
26550,0.02,0.4623809523809524,0.5176190476190476
26551,0.01,0.695,0.295
26552,0.06,0.11,0.83
26553,0.0,0.03,0.97
26554,0.07,0.5858333333333333,0.3441666666666666
26555,0.05,0.06,0.89
26556,0.0,0.06,0.94
26557,0.06,0.04,0.9
26558,0.68,0.08,0.24
26559,0.24,0.025,0.735
26560,0.08,0.11,0.81
26561,0.05,0.09,0.86
26562,0.05,0.045,0.905
26563,0.1,0.065,0.835
26564,0.025,0.09,0.885
26565,0.03,0.7375,0.2325
26566,0.07,0.05,0.88
26567,0.1,0.08,0.82
26568,0.15,0.83,0.02
26569,0.0,0.34,0.66
26570,0.34,0.3643333333333334,0.2956666666666667
26571,0.09,0.08,0.83
26572,0.14,0.43,0.43
26573,0.11733333333333335,0.22266666666666668,0.66
26574,0.21,0.08,0.71
26575,0.08,0.09,0.83
26576,0.019,0.01,0.971
26577,0.07,0.115,0.815
26578,0.13,0.62,0.25
26579,0.2,0.78,0.02
26580,0.02,0.126,0.8540000000000001
26581,0.12,0.17066666666666666,0.7093333333333334
26582,0.0,0.0,1.0
26583,0.04,0.1,0.86
26584,0.05,0.31,0.64
26585,0.013333333333333332,0.84,0.14666666666666667
26586,0.29,0.66,0.05
26587,0.052000000000000005,0.5922142857142857,0.3557857142857142
26588,0.026666666666666665,0.06,0.9133333333333334
26589,0.07,0.02,0.91
26590,0.01,0.7263333333333333,0.26366666666666666
26591,0.17,0.83,0.0
26592,0.26,0.0,0.74
26593,0.66,0.215,0.12500000000000003
26594,0.07,0.12,0.81
26595,0.045,0.015,0.94
26596,0.055,0.03,0.915
26597,0.06,0.5366666666666666,0.4033333333333334
26598,0.05083333333333333,0.07,0.8791666666666668
26599,0.0375,0.015,0.9475
26600,0.0,0.01,0.99
26601,0.065,0.19,0.745
26602,0.03,0.06,0.91
26603,0.081,0.17,0.7490000000000001
26604,0.025,0.1075,0.8675
26605,0.06,0.08116666666666666,0.8588333333333332
26606,0.20333333333333337,0.3366666666666667,0.46
26607,0.07,0.93,0.0
26608,0.04,0.12333333333333332,0.8366666666666667
26609,0.02,0.01,0.97
26610,0.17,0.83,0.0
26611,0.01,0.1,0.89
26612,0.03,0.52,0.45
26613,0.08,0.16,0.76
26614,0.01,0.03,0.96
26615,0.13,0.18,0.69
26616,0.07,0.03,0.9
26617,0.21,0.12,0.67
26618,0.04666666666666666,0.11,0.8433333333333333
26619,0.17666666666666664,0.3133333333333333,0.5099999999999999
26620,0.02,0.98,0.0
26621,0.01,0.03,0.96
26622,0.15,0.45,0.4
26623,0.0,0.8715,0.1285
26624,0.05,0.065,0.885
26625,0.7,0.22,0.08
26626,0.13,0.05,0.82
26627,0.028095238095238093,0.03,0.9419047619047619
26628,0.03,0.08,0.89
26629,0.0,0.0,1.0
26630,0.22,0.14166666666666666,0.6383333333333333
26631,0.0025,0.05,0.9475
26632,0.29,0.2925,0.4175
26633,0.05,0.15999999999999998,0.79
26634,0.08,0.08,0.84
26635,0.05333333333333333,0.15,0.7966666666666665
26636,0.07,0.2815,0.6485000000000001
26637,0.0,0.0435,0.9565
26638,0.015,0.94,0.045
26639,0.2,0.635,0.165
26640,0.04,0.07,0.89
26641,0.06,0.87,0.07
26642,0.03,0.03,0.94
26643,0.18,0.145,0.675
26644,0.11,0.17,0.72
26645,0.0,0.07,0.93
26646,0.8233333333333333,0.016666666666666666,0.16
26647,0.03,0.14333333333333334,0.8266666666666667
26648,0.04333333333333333,0.81,0.14666666666666667
26649,0.11083333333333334,0.05,0.8391666666666667
26650,0.92,0.07,0.01
26651,0.28,0.69,0.03
26652,0.24,0.02,0.74
26653,0.04,0.01,0.95
26654,0.11,0.66,0.23
26655,0.06866666666666667,0.2813333333333333,0.65
26656,0.08666666666666666,0.15333333333333335,0.76
26657,0.10666666666666667,0.25,0.6433333333333333
26658,0.07,0.26,0.67
26659,0.32799999999999996,0.29,0.382
26660,0.06,0.52,0.42
26661,0.025666666666666664,0.0725,0.9018333333333334
26662,0.0,0.19,0.81
26663,0.04,0.42533333333333334,0.5346666666666666
26664,0.05,0.06,0.89
26665,0.17233333333333334,0.61,0.2176666666666667
26666,0.02,0.9,0.08
26667,0.03,0.01,0.96
26668,0.03,0.8440000000000001,0.126
26669,0.02,0.4503809523809523,0.5296190476190477
26670,0.37,0.26166666666666666,0.3683333333333333
26671,0.01,0.09,0.9
26672,0.0,0.02,0.98
26673,0.11666666666666665,0.22666666666666666,0.6566666666666667
26674,0.53,0.05,0.42
26675,0.08,0.15,0.77
26676,0.06,0.1,0.84
26677,0.03,0.04,0.93
26678,0.07,0.57,0.36
26679,0.354,0.126,0.52
26680,0.026000000000000002,0.08,0.894
26681,0.05,0.11,0.84
26682,0.0,0.49,0.51
26683,0.03,0.29,0.68
26684,0.01,0.065,0.925
26685,0.179,0.09,0.731
26686,0.03,0.11,0.86
26687,0.07,0.05,0.88
26688,0.115,0.85,0.035
26689,0.01,0.1973333333333333,0.7926666666666666
26690,0.01,0.07,0.92
26691,0.02,0.1325,0.8475
26692,0.0,0.07,0.93
26693,0.315,0.01,0.675
26694,0.6450476190476189,0.3549523809523809,0.0
26695,0.064,0.07,0.866
26696,0.004,0.01,0.986
26697,0.02,0.03,0.95
26698,0.03,0.07,0.9
26699,0.18,0.39,0.43
26700,0.02,0.53,0.45
26701,0.12666666666666665,0.36666666666666664,0.5066666666666666
26702,0.16,0.4141666666666666,0.4258333333333333
26703,0.06,0.155,0.785
26704,0.01,0.06,0.93
26705,0.04,0.12,0.84
26706,0.09,0.16333333333333336,0.7466666666666667
26707,0.5975,0.0325,0.37
26708,0.03,0.16,0.81
26709,0.01,0.0,0.99
26710,0.26,0.445,0.295
26711,0.25666666666666665,0.08,0.6633333333333334
26712,0.04,0.18,0.78
26713,0.04666666666666666,0.52,0.4333333333333333
26714,0.04666666666666666,0.11,0.8433333333333334
26715,0.01,0.67,0.32
26716,0.01,0.97,0.02
26717,0.03,0.17066666666666666,0.7993333333333333
26718,0.05,0.132,0.818
26719,0.092,0.318,0.59
26720,0.20016666666666666,0.17,0.6298333333333334
26721,0.02,0.4721666666666666,0.5078333333333334
26722,0.39,0.09166666666666667,0.5183333333333333
26723,0.06666666666666667,0.09,0.8433333333333333
26724,0.075,0.48,0.445
26725,0.02,0.2,0.78
26726,0.09333333333333332,0.85,0.056666666666666664
26727,0.04,0.04,0.92
26728,0.01,0.47666666666666657,0.5133333333333334
26729,0.33,0.145,0.525
26730,0.013333333333333332,0.3666666666666667,0.62
26731,0.01,0.05,0.94
26732,0.175,0.795,0.03
26733,0.04,0.016,0.9440000000000001
26734,0.02,0.12,0.86
26735,0.03,0.0125,0.9575
26736,0.03,0.49,0.48
26737,0.10783333333333334,0.06,0.8321666666666667
26738,0.03,0.03,0.94
26739,0.715,0.035,0.25
26740,0.03,0.07,0.9
26741,0.18,0.76,0.06
26742,0.02,0.13,0.85
26743,0.12,0.08,0.8
26744,0.1864761904761905,0.16,0.6535238095238095
26745,0.016,0.02,0.9640000000000001
26746,0.67,0.06,0.27
26747,0.04,0.75,0.21
26748,0.31,0.65,0.04
26749,0.0,0.22,0.78
26750,0.01,0.04,0.95
26751,0.09,0.12,0.79
26752,0.01,0.79,0.2
26753,0.1,0.0,0.9
26754,0.01,0.0,0.99
26755,0.02,0.08,0.9
26756,0.23399999999999999,0.06,0.706
26757,0.0,0.09,0.91
26758,0.56,0.135,0.305
26759,0.0575,0.3533333333333333,0.5891666666666666
26760,0.5433333333333333,0.155,0.3016666666666667
26761,0.02,0.08866666666666667,0.8913333333333334
26762,0.1,0.12,0.78
26763,0.03333333333333333,0.13,0.8366666666666667
26764,0.0225,0.2475,0.73
26765,0.08,0.03,0.89
26766,0.01,0.29,0.7
26767,0.13,0.145,0.725
26768,0.06,0.94,0.0
26769,0.17,0.26,0.57
26770,0.11,0.076,0.8140000000000001
26771,0.07,0.93,0.0
26772,0.71,0.065,0.225
26773,0.057999999999999996,0.155,0.787
26774,0.035,0.205,0.76
26775,0.01,0.1,0.89
26776,0.02,0.02,0.96
26777,0.0775,0.05,0.8725
26778,0.03,0.08,0.89
26779,0.04,0.06,0.9
26780,0.055,0.13333333333333333,0.8116666666666665
26781,0.0,0.11,0.89
26782,0.01,0.02,0.97
26783,0.21,0.1025,0.6875
26784,0.07,0.77,0.16
26785,0.02,0.14,0.84
26786,0.7040000000000001,0.026000000000000002,0.27
26787,0.01,0.01,0.98
26788,0.04,0.57,0.39
26789,0.205,0.315,0.48
26790,0.03,0.56,0.41
26791,0.05,0.042,0.9079999999999999
26792,0.115,0.11,0.775
26793,0.01,0.095,0.8949999999999999
26794,0.0275,0.1,0.8725
26795,0.05,0.49516666666666664,0.45483333333333337
26796,0.14,0.86,0.0
26797,0.03,0.36316666666666664,0.6068333333333333
26798,0.3633333333333333,0.15333333333333335,0.4833333333333333
26799,0.03,0.03,0.94
26800,0.07,0.91,0.02
26801,0.02,0.89,0.09
26802,0.07333333333333333,0.01,0.9166666666666667
26803,0.0,0.14,0.86
26804,0.01,0.07,0.92
26805,0.01,0.02,0.97
26806,0.0,0.42,0.58
26807,0.01,0.065,0.925
26808,0.016666666666666666,0.17,0.8133333333333335
26809,0.06,0.11,0.83
26810,0.03,0.09,0.88
26811,0.02,0.05,0.93
26812,0.13,0.06,0.81
26813,0.18666666666666665,0.3183333333333333,0.495
26814,0.2033333333333333,0.16,0.6366666666666666
26815,0.294,0.155,0.551
26816,0.0,0.7,0.3
26817,0.06,0.06666666666666667,0.8733333333333334
26818,0.06,0.18,0.76
26819,0.006666666666666666,0.05,0.9433333333333335
26820,0.19333333333333333,0.7866666666666667,0.02
26821,0.07,0.89,0.04
26822,0.1,0.17166666666666663,0.7283333333333334
26823,0.04,0.08,0.88
26824,0.0,0.04666666666666666,0.9533333333333333
26825,0.075,0.07,0.855
26826,0.1025,0.03,0.8675
26827,0.04,0.23,0.73
26828,0.08999999999999998,0.14,0.7699999999999999
26829,0.06,0.03,0.91
26830,0.05,0.01,0.94
26831,0.1366666666666667,0.04,0.8233333333333333
26832,0.02,0.05,0.93
26833,0.02,0.044000000000000004,0.9359999999999999
26834,0.03,0.22,0.75
26835,0.95,0.0,0.05
26836,0.161,0.6189999999999999,0.22
26837,0.15,0.09,0.76
26838,0.02,0.7053333333333331,0.2746666666666667
26839,0.81,0.02,0.17
26840,0.13,0.36,0.51
26841,0.02,0.03,0.95
26842,0.02,0.02,0.96
26843,0.09,0.1,0.81
26844,0.0,0.77,0.23
26845,0.26,0.04,0.7
26846,0.01,0.04,0.95
26847,0.125,0.19,0.685
26848,0.11199999999999999,0.134,0.754
26849,0.13,0.09666666666666666,0.7733333333333333
26850,0.08733333333333335,0.3133333333333333,0.5993333333333333
26851,0.1,0.34,0.56
26852,0.02,0.77,0.21
26853,0.04,0.04,0.92
26854,0.14,0.85,0.01
26855,0.02,0.29,0.69
26856,0.16,0.034,0.8059999999999999
26857,0.09666666666666668,0.35,0.5533333333333333
26858,0.0,0.905,0.095
26859,0.0,0.68,0.32
26860,0.04,0.77,0.19
26861,0.06,0.41,0.53
26862,0.05,0.23666666666666664,0.7133333333333333
26863,0.02,0.12,0.86
26864,0.015,0.58,0.405
26865,0.08583333333333334,0.12666666666666665,0.7875
26866,0.0,0.04,0.96
26867,0.155,0.08,0.765
26868,0.06,0.08,0.86
26869,0.0,0.01,0.99
26870,0.0,0.92,0.08
26871,0.19,0.08,0.73
26872,0.04,0.21,0.75
26873,0.01,0.08349999999999999,0.9064999999999999
26874,0.24,0.38,0.38
26875,0.0,0.4341666666666666,0.5658333333333334
26876,0.0,0.055999999999999994,0.9440000000000001
26877,0.08,0.05,0.87
26878,0.1525,0.1716666666666667,0.6758333333333334
26879,0.02,0.09583333333333333,0.8841666666666665
26880,0.63,0.04,0.33
26881,0.1,0.08,0.82
26882,0.24,0.02,0.74
26883,0.027000000000000003,0.13,0.843
26884,0.01,0.815,0.175
26885,0.58,0.055999999999999994,0.364
26886,0.04,0.04,0.92
26887,0.08,0.05,0.87
26888,0.2825,0.16366666666666668,0.5538333333333335
26889,0.06,0.09,0.85
26890,0.02,0.26,0.72
26891,0.07,0.6,0.33
26892,0.02,0.275,0.705
26893,0.01,0.18,0.81
26894,0.01,0.03,0.96
26895,0.06,0.54,0.4
26896,0.08,0.27666666666666667,0.6433333333333334
26897,0.04,0.19,0.77
26898,0.085,0.01,0.905
26899,0.055,0.23,0.715
26900,0.01,0.18,0.81
26901,0.0,0.05,0.95
26902,0.04,0.0,0.96
26903,0.1,0.19,0.71
26904,0.15,0.74,0.11
26905,0.0855,0.1195,0.795
26906,0.01,0.05,0.94
26907,0.09,0.02,0.89
26908,0.0,0.08,0.92
26909,0.01,0.8333333333333335,0.15666666666666665
26910,0.06,0.32666666666666666,0.6133333333333334
26911,0.01,0.11,0.88
26912,0.01,0.02,0.97
26913,0.2,0.03,0.77
26914,0.01,0.1475,0.8424999999999998
26915,0.11,0.12,0.77
26916,0.18,0.8,0.02
26917,0.0,0.03,0.97
26918,0.06,0.11,0.83
26919,0.85,0.06,0.09
26920,0.02,0.06,0.92
26921,0.0,0.835,0.165
26922,0.21,0.4383333333333333,0.35166666666666674
26923,0.03,0.04,0.93
26924,0.06,0.33216666666666667,0.6078333333333333
26925,0.04,0.11,0.85
26926,0.124,0.2926666666666667,0.5833333333333334
26927,0.19,0.24,0.57
26928,0.09,0.91,0.0
26929,0.086,0.21899999999999997,0.695
26930,0.02,0.86,0.12
26931,0.4,0.56,0.04
26932,0.065,0.67,0.265
26933,0.57,0.06,0.37
26934,0.04,0.16416666666666668,0.7958333333333333
26935,0.05,0.08,0.87
26936,0.01,0.03,0.96
26937,0.08,0.24833333333333335,0.6716666666666665
26938,0.41666666666666663,0.5533333333333333,0.03
26939,0.2,0.79,0.01
26940,0.2041666666666667,0.115,0.6808333333333333
26941,0.01,0.10633333333333334,0.8836666666666667
26942,0.095,0.12,0.785
26943,0.04,0.68,0.28
26944,0.04,0.10666666666666666,0.8533333333333334
26945,0.03,0.76,0.21
26946,0.04,0.07,0.89
26947,0.03,0.19,0.78
26948,0.13,0.19,0.68
26949,0.19,0.05,0.76
26950,0.07,0.03,0.9
26951,0.82,0.11666666666666665,0.06333333333333332
26952,0.17,0.17666666666666664,0.6533333333333334
26953,0.0,0.01,0.99
26954,0.03,0.12,0.85
26955,0.03,0.75,0.22
26956,0.01,0.17,0.82
26957,0.94,0.02,0.04
26958,0.58,0.055,0.365
26959,0.1,0.09,0.81
26960,0.08,0.10083333333333332,0.8191666666666667
26961,0.0,0.02,0.98
26962,0.05,0.765,0.185
26963,0.315,0.01,0.675
26964,0.05,0.18133333333333332,0.7686666666666666
26965,0.01,0.35333333333333333,0.6366666666666667
26966,0.08,0.27666666666666667,0.6433333333333334
26967,0.03,0.08,0.89
26968,0.1,0.23,0.67
26969,0.01,0.003333333333333333,0.9866666666666667
26970,0.09,0.05,0.86
26971,0.005,0.1,0.895
26972,0.13,0.74,0.13
26973,0.06,0.09,0.85
26974,0.09,0.03,0.88
26975,0.05333333333333333,0.05266666666666667,0.894
26976,0.09,0.89,0.02
26977,0.06333333333333332,0.16666666666666663,0.77
26978,0.05,0.22466666666666668,0.7253333333333333
26979,0.15,0.3566666666666667,0.49333333333333335
26980,0.11333333333333333,0.10166666666666666,0.785
26981,0.02,0.58,0.4
26982,0.09,0.12,0.79
26983,0.09,0.09,0.82
26984,0.0625,0.13,0.8075
26985,0.13666666666666666,0.3633333333333333,0.5
26986,0.01,0.0,0.99
26987,0.01,0.88,0.11
26988,0.0,0.95,0.05
26989,0.17,0.17162698412698416,0.658373015873016
26990,0.0025,0.02,0.9775
26991,0.07,0.02,0.91
26992,0.06,0.48,0.46
26993,0.02,0.045,0.935
26994,0.14300000000000002,0.1775,0.6795
26995,0.01,0.18,0.81
26996,0.03,0.08666666666666666,0.8833333333333334
26997,0.4206666666666666,0.49933333333333346,0.08
26998,0.21,0.06,0.73
26999,0.39,0.08,0.53
27000,0.03,0.41,0.56
27001,0.03,0.6375000000000001,0.3325
27002,0.01,0.2366666666666667,0.7533333333333333
27003,0.07,0.24,0.69
27004,0.04,0.14,0.82
27005,0.03,0.67,0.3
27006,0.04,0.013333333333333332,0.9466666666666668
27007,0.16333333333333333,0.5008333333333332,0.3358333333333334
27008,0.12583333333333332,0.38333333333333336,0.49083333333333334
27009,0.0,0.21,0.79
27010,0.08333333333333331,0.27,0.6466666666666666
27011,0.2,0.645,0.155
27012,0.03,0.04,0.93
27013,0.175,0.13,0.695
27014,0.02,0.73,0.25
27015,0.17,0.29666666666666663,0.5333333333333333
27016,0.06,0.07,0.87
27017,0.05,0.04,0.91
27018,0.11,0.06,0.83
27019,0.05,0.34,0.61
27020,0.0,0.7295476190476191,0.270452380952381
27021,0.022666666666666665,0.64,0.3373333333333333
27022,0.07,0.12333333333333334,0.8066666666666668
27023,0.07,0.39599999999999996,0.5339999999999999
27024,0.045,0.09,0.865
27025,0.04,0.02,0.94
27026,0.02,0.09,0.89
27027,0.04,0.0,0.96
27028,0.33,0.2425,0.4275
27029,0.03,0.12666666666666668,0.8433333333333333
27030,0.0,0.512,0.488
27031,0.6469999999999999,0.153,0.2
27032,0.14,0.09,0.77
27033,0.054000000000000006,0.1,0.846
27034,0.18,0.145,0.675
27035,0.89,0.03,0.08
27036,0.0175,0.0025,0.98
27037,0.25666666666666665,0.11,0.6333333333333333
27038,0.01,0.1,0.89
27039,0.61,0.21666666666666667,0.1733333333333333
27040,0.12666666666666665,0.03,0.8433333333333334
27041,0.01,0.01,0.98
27042,0.18255952380952378,0.8074404761904762,0.01
27043,0.065,0.11666666666666665,0.8183333333333332
27044,0.12,0.01,0.87
27045,0.02,0.25,0.73
27046,0.0,0.05,0.95
27047,0.11,0.43799999999999994,0.452
27048,0.53,0.47,0.0
27049,0.11,0.63,0.26
27050,0.03,0.1,0.87
27051,0.05,0.26366666666666666,0.6863333333333332
27052,0.013333333333333332,0.09,0.8966666666666667
27053,0.004,0.17,0.826
27054,0.07,0.07,0.86
27055,0.20876190476190473,0.7812380952380953,0.01
27056,0.11,0.88,0.01
27057,0.02,0.215,0.765
27058,0.34,0.22,0.44
27059,0.08,0.135,0.785
27060,0.07,0.23,0.7
27061,0.8458333333333333,0.08,0.07416666666666666
27062,0.44,0.09,0.47
27063,0.03,0.09,0.88
27064,0.02,0.0,0.98
27065,0.16475,0.3365000000000001,0.49875
27066,0.05,0.03,0.92
27067,0.085,0.22,0.695
27068,0.68,0.05,0.27
27069,0.01,0.01,0.98
27070,0.0175,0.01,0.9725
27071,0.04,0.07,0.89
27072,0.05,0.15666666666666665,0.7933333333333334
27073,0.024583333333333332,0.16,0.8154166666666667
27074,0.05,0.57,0.38
27075,0.14154761904761906,0.1580238095238095,0.7004285714285714
27076,0.16166666666666668,0.135,0.7033333333333333
27077,0.01,0.05,0.94
27078,0.01,0.0,0.99
27079,0.0,0.0475,0.9525
27080,0.005,0.86,0.135
27081,0.02333333333333333,0.04,0.9366666666666665
27082,0.04666666666666666,0.02,0.9333333333333332
27083,0.08,0.1383333333333333,0.7816666666666666
27084,0.01,0.75,0.24
27085,0.04,0.04,0.92
27086,0.37,0.09,0.54
27087,0.04333333333333334,0.16166666666666668,0.795
27088,0.01,0.03,0.96
27089,0.056666666666666664,0.13,0.8133333333333332
27090,0.0,0.055,0.945
27091,0.11,0.73,0.16
27092,0.32,0.65,0.03
27093,0.115,0.6463333333333334,0.23866666666666667
27094,0.27,0.01,0.72
27095,0.0,0.05,0.95
27096,0.09,0.85,0.06
27097,0.21166666666666664,0.48,0.30833333333333335
27098,0.055,0.28,0.665
27099,0.01,0.0,0.99
27100,0.03,0.01,0.96
27101,0.05,0.26,0.69
27102,0.02,0.06416666666666666,0.9158333333333334
27103,0.01,0.07,0.92
27104,0.15,0.1,0.75
27105,0.01,0.0,0.99
27106,0.0,0.115,0.885
27107,0.07,0.26333333333333336,0.6666666666666665
27108,0.03,0.06,0.91
27109,0.15,0.11,0.74
27110,0.07333333333333333,0.02,0.9066666666666666
27111,0.065,0.1,0.835
27112,0.95,0.03,0.02
27113,0.02,0.03,0.95
27114,0.2,0.07,0.73
27115,0.205,0.62,0.175
27116,0.13,0.18,0.69
27117,0.02,0.32,0.66
27118,0.01,0.01,0.98
27119,0.03,0.84,0.13
27120,0.14,0.86,0.0
27121,0.18,0.77,0.05
27122,0.07666666666666666,0.1975,0.7258333333333334
27123,0.115,0.17,0.715
27124,0.5025,0.145,0.3525
27125,0.04,0.19,0.77
27126,0.03,0.085,0.885
27127,0.293547619047619,0.08,0.6264523809523809
27128,0.006666666666666666,0.05166666666666666,0.9416666666666668
27129,0.0975,0.01,0.8925
27130,0.04,0.03,0.93
27131,0.6481666666666667,0.01,0.3418333333333334
27132,0.13,0.07,0.8
27133,0.03,0.6,0.37
27134,0.025,0.504,0.47100000000000003
27135,0.23375,0.74625,0.02
27136,0.04,0.63,0.33
27137,0.023333333333333334,0.04,0.9366666666666665
27138,0.75,0.05,0.2
27139,0.08416666666666667,0.32916666666666666,0.5866666666666667
27140,0.57,0.06,0.37
27141,0.09666666666666666,0.265,0.6383333333333333
27142,0.76,0.035,0.205
27143,0.03,0.12,0.85
27144,0.02,0.04,0.94
27145,0.8,0.05,0.15
27146,0.05,0.04,0.91
27147,0.06,0.18,0.76
27148,0.03,0.08,0.89
27149,0.05,0.24,0.71
27150,0.02,0.12,0.86
27151,0.08,0.07,0.85
27152,0.195,0.04,0.765
27153,0.03,0.1,0.87
27154,0.08,0.68,0.24
27155,0.04,0.11333333333333334,0.8466666666666667
27156,0.1625,0.15666666666666665,0.6808333333333334
27157,0.115,0.0825,0.8025
27158,0.0,0.0,1.0
27159,0.01,0.01,0.98
27160,0.0,0.03,0.97
27161,0.63,0.05,0.32
27162,0.03083333333333333,0.44683333333333336,0.5223333333333333
27163,0.01,0.01,0.98
27164,0.03,0.07933333333333334,0.8906666666666666
27165,0.005,0.01,0.985
27166,0.1375,0.23666666666666664,0.6258333333333334
27167,0.05,0.16,0.79
27168,0.06,0.19,0.75
27169,0.0,0.01,0.99
27170,0.2,0.06,0.74
27171,0.07,0.27504761904761904,0.654952380952381
27172,0.0,0.03,0.97
27173,0.0,0.04,0.96
27174,0.01,0.5733333333333333,0.41666666666666663
27175,0.28825,0.02,0.6917500000000001
27176,0.06,0.17,0.77
27177,0.11,0.3066666666666667,0.5833333333333333
27178,0.02,0.06,0.92
27179,0.02,0.02,0.96
27180,0.022000000000000002,0.05,0.9279999999999999
27181,0.21,0.1,0.69
27182,0.06,0.11,0.83
27183,0.02,0.02,0.96
27184,0.09,0.17,0.74
27185,0.05,0.07,0.88
27186,0.03,0.08583333333333332,0.8841666666666668
27187,0.08,0.13,0.79
27188,0.0475,0.04833333333333334,0.9041666666666666
27189,0.0,0.09,0.91
27190,0.15566666666666665,0.01,0.8343333333333334
27191,0.41,0.56,0.03
27192,0.04,0.066,0.894
27193,0.03,0.03,0.94
27194,0.1388888888888889,0.06,0.8011111111111111
27195,0.0,0.03,0.97
27196,0.02,0.03,0.95
27197,0.12,0.13,0.75
27198,0.0,0.0,1.0
27199,0.07,0.1,0.83
27200,0.01,0.89,0.1
27201,0.07,0.16,0.77
27202,0.01,0.55,0.44
27203,0.027999999999999997,0.0,0.972
27204,0.5733333333333334,0.155,0.27166666666666667
27205,0.155,0.0525,0.7925
27206,0.08166666666666667,0.06833333333333333,0.85
27207,0.1,0.075,0.825
27208,0.17,0.085,0.7449999999999999
27209,0.21,0.1,0.69
27210,0.03,0.02,0.95
27211,0.06,0.4633333333333334,0.47666666666666674
27212,0.03,0.0,0.97
27213,0.05,0.023333333333333334,0.9266666666666667
27214,0.225,0.2,0.575
27215,0.2393333333333333,0.21066666666666667,0.55
27216,0.015,0.0,0.985
27217,0.7633333333333333,0.085,0.15166666666666667
27218,0.11,0.27,0.62
27219,0.41,0.18,0.41
27220,0.03,0.61,0.36
27221,0.68,0.0825,0.2375
27222,0.41,0.58,0.01
27223,0.13,0.065,0.805
27224,0.22,0.41,0.37
27225,0.02,0.03,0.95
27226,0.71,0.23433333333333334,0.05566666666666666
27227,0.1775,0.8225,0.0
27228,0.01,0.73,0.26
27229,0.14,0.12333333333333332,0.7366666666666667
27230,0.4453333333333333,0.12300000000000001,0.4316666666666667
27231,0.03666666666666667,0.04,0.9233333333333335
27232,0.12,0.13,0.75
27233,0.22,0.52,0.26
27234,0.04,0.02,0.94
27235,0.03,0.08916666666666667,0.8808333333333332
27236,0.52,0.07666666666666666,0.4033333333333334
27237,0.15,0.5775,0.2725
27238,0.0,0.88,0.12
27239,0.01,0.3503333333333334,0.6396666666666667
27240,0.12333333333333332,0.8566666666666667,0.02
27241,0.24166666666666667,0.4,0.35833333333333334
27242,0.06,0.02,0.92
27243,0.6,0.02,0.38
27244,0.07,0.1,0.83
27245,0.0,0.0,1.0
27246,0.04,0.06,0.9
27247,0.095,0.19866666666666666,0.7063333333333333
27248,0.02,0.835,0.145
27249,0.01,0.05,0.94
27250,0.07,0.26333333333333336,0.6666666666666665
27251,0.06,0.15,0.79
27252,0.14,0.3,0.56
27253,0.03,0.6,0.37
27254,0.0,0.15,0.85
27255,0.06,0.03,0.91
27256,0.18,0.37,0.45
27257,0.76,0.04,0.2
27258,0.09,0.17666666666666667,0.7333333333333333
27259,0.13,0.16,0.71
27260,0.13,0.58,0.29
27261,0.09833333333333333,0.1525,0.7491666666666668
27262,0.01,0.7766666666666667,0.21333333333333332
27263,0.225,0.295,0.48
27264,0.06,0.2326666666666667,0.7073333333333334
27265,0.0,0.0,1.0
27266,0.07,0.15,0.78
27267,0.21,0.53,0.26
27268,0.025,0.10666666666666667,0.8683333333333334
27269,0.19,0.055,0.755
27270,0.011000000000000001,0.054000000000000006,0.935
27271,0.03,0.725,0.245
27272,0.08333333333333331,0.03,0.8866666666666666
27273,0.11999999999999998,0.15,0.73
27274,0.1075,0.0825,0.81
27275,0.03,0.09,0.88
27276,0.21,0.175,0.615
27277,0.08199999999999999,0.055,0.863
27278,0.0,0.11,0.89
27279,0.33,0.03,0.64
27280,0.01,0.66,0.33
27281,0.69,0.04666666666666667,0.2633333333333333
27282,0.0,0.09,0.91
27283,0.092,0.878,0.03
27284,0.06,0.93,0.01
27285,0.314,0.05,0.636
27286,0.11,0.19,0.7
27287,0.01,0.4331190476190476,0.5568809523809523
27288,0.055,0.08,0.865
27289,0.01,0.12,0.87
27290,0.023333333333333334,0.28,0.6966666666666665
27291,0.19,0.12,0.69
27292,0.01,0.68,0.31
27293,0.245,0.21416666666666667,0.5408333333333334
27294,0.09,0.1445,0.7655
27295,0.0,0.07,0.93
27296,0.02,0.21,0.77
27297,0.29285714285714287,0.12714285714285714,0.58
27298,0.02,0.1775,0.8025
27299,0.055,0.16,0.785
27300,0.34,0.03666666666666667,0.6233333333333334
27301,0.08,0.15,0.77
27302,0.09833333333333333,0.7616666666666666,0.14
27303,0.71,0.0,0.29
27304,0.025,0.3903571428571429,0.5846428571428571
27305,0.04,0.03,0.93
27306,0.035,0.01,0.955
27307,0.02,0.12,0.86
27308,0.05,0.005,0.945
27309,0.06,0.12333333333333332,0.8166666666666668
27310,0.02,0.09,0.89
27311,0.02,0.06,0.92
27312,0.0625,0.1,0.8375
27313,0.05,0.04,0.91
27314,0.06,0.03,0.91
27315,0.03,0.04,0.93
27316,0.002,0.03,0.968
27317,0.11,0.87,0.02
27318,0.01,0.81,0.18
27319,0.06,0.19,0.75
27320,0.185,0.16333333333333336,0.6516666666666666
27321,0.01,0.04,0.95
27322,0.055,0.05333333333333333,0.8916666666666666
27323,0.19666666666666666,0.04,0.7633333333333334
27324,0.25,0.15,0.6
27325,0.03,0.63,0.34
27326,0.29,0.1,0.61
27327,0.171,0.769,0.06
27328,0.01,0.17,0.82
27329,0.03,0.025,0.945
27330,0.03,0.83,0.14
27331,0.31,0.03,0.66
27332,0.15,0.06,0.79
27333,0.2,0.03,0.77
27334,0.03,0.03,0.94
27335,0.04,0.03,0.93
27336,0.295,0.01,0.695
27337,0.47480952380952374,0.11,0.41519047619047617
27338,0.16,0.82,0.02
27339,0.14,0.17,0.69
27340,0.004,0.04,0.956
27341,0.04333333333333333,0.026666666666666665,0.93
27342,0.01,0.1733333333333333,0.8166666666666668
27343,0.02,0.0,0.98
27344,0.03,0.04,0.93
27345,0.18,0.08,0.74
27346,0.07533333333333334,0.12299999999999998,0.8016666666666665
27347,0.23483333333333334,0.07,0.6951666666666668
27348,0.06,0.08,0.86
27349,0.49,0.05,0.46
27350,0.15,0.12,0.73
27351,0.03,0.03,0.94
27352,0.07666666666666666,0.01,0.9133333333333333
27353,0.075,0.155,0.77
27354,0.08,0.37,0.55
27355,0.02,0.03,0.95
27356,0.01,0.045,0.945
27357,0.02,0.27,0.71
27358,0.03666666666666667,0.02,0.9433333333333335
27359,0.19,0.47633333333333333,0.33366666666666667
27360,0.016666666666666666,0.06,0.9233333333333333
27361,0.04,0.96,0.0
27362,0.13333333333333333,0.7086666666666668,0.158
27363,0.01,0.05,0.94
27364,0.03,0.925,0.045
27365,0.43766666666666665,0.0,0.5623333333333335
27366,0.115,0.23666666666666664,0.6483333333333333
27367,0.03,0.1225,0.8475
27368,0.08083333333333333,0.7491666666666668,0.17
27369,0.16666666666666669,0.7983333333333333,0.035
27370,0.17883333333333332,0.8211666666666667,0.0
27371,0.83,0.05,0.12
27372,0.07,0.0,0.93
27373,0.085,0.485,0.43
27374,0.06,0.2425,0.6975
27375,0.07,0.225,0.705
27376,0.21,0.14,0.65
27377,0.1,0.33,0.57
27378,0.46,0.51,0.03
27379,0.02,0.01,0.97
27380,0.4198333333333332,0.42016666666666674,0.16
27381,0.01,0.5376666666666666,0.4523333333333334
27382,0.122,0.39049999999999996,0.4875
27383,0.01,0.0,0.99
27384,0.12,0.51,0.37
27385,0.8,0.04,0.16
27386,0.09,0.14,0.77
27387,0.05,0.18,0.77
27388,0.0,0.04,0.96
27389,0.2,0.225,0.575
27390,0.6,0.2,0.2
27391,0.0975,0.0125,0.89
27392,0.01,0.02,0.97
27393,0.08,0.16,0.76
27394,0.09583333333333334,0.205,0.6991666666666666
27395,0.02,0.06,0.92
27396,0.05,0.006666666666666666,0.9433333333333332
27397,0.01,0.96,0.03
27398,0.32,0.1,0.58
27399,0.0,0.83,0.17
27400,0.0,0.27,0.73
27401,0.22,0.02,0.76
27402,0.0,0.8508333333333334,0.14916666666666664
27403,0.17,0.23,0.6
27404,0.15333333333333335,0.8366666666666666,0.01
27405,0.16,0.45500000000000007,0.38499999999999995
27406,0.06333333333333332,0.1925,0.7441666666666665
27407,0.06,0.18,0.76
27408,0.1,0.06333333333333332,0.8366666666666666
27409,0.04366666666666667,0.45483333333333326,0.5015000000000002
27410,0.0,0.03,0.97
27411,0.04,0.0,0.96
27412,0.11,0.43799999999999994,0.452
27413,0.24,0.1575,0.6025
27414,0.0,0.9266666666666665,0.07333333333333333
27415,0.95,0.02,0.03
27416,0.05,0.094,0.856
27417,0.1225,0.26,0.6175
27418,0.01,0.6775,0.3125
27419,0.0,0.96,0.04
27420,0.06666666666666667,0.24533333333333332,0.688
27421,0.02,0.02,0.96
27422,0.03,0.01,0.96
27423,0.12833333333333333,0.2,0.6716666666666665
27424,0.755,0.08733333333333335,0.15766666666666665
27425,0.2766666666666666,0.61,0.11333333333333333
27426,0.0325,0.1025,0.865
27427,0.01,0.99,0.0
27428,0.0,0.1275,0.8725000000000002
27429,0.055,0.185,0.76
27430,0.09383333333333332,0.01,0.8961666666666668
27431,0.690952380952381,0.04535714285714285,0.2636904761904762
27432,0.115,0.30666666666666664,0.5783333333333333
27433,0.1,0.47,0.43
27434,0.0575,0.195,0.7475
27435,0.03,0.15,0.82
27436,0.06,0.18666666666666668,0.7533333333333333
27437,0.18,0.04,0.78
27438,0.03,0.055,0.915
27439,0.034,0.04,0.9259999999999999
27440,0.06966666666666665,0.22033333333333333,0.71
27441,0.3,0.04,0.66
27442,0.04,0.05,0.91
27443,0.15,0.26,0.59
27444,0.16,0.04,0.8
27445,0.06,0.4933333333333333,0.4466666666666667
27446,0.03,0.20083333333333336,0.7691666666666667
27447,0.03,0.14791666666666667,0.8220833333333333
27448,0.13,0.08,0.79
27449,0.01,0.07,0.92
27450,0.03916666666666666,0.9608333333333334,0.0
27451,0.03,0.029761904761904757,0.9402380952380952
27452,0.0,0.04,0.96
27453,0.06,0.4631666666666666,0.4768333333333334
27454,0.07333333333333333,0.2375,0.6891666666666667
27455,0.085,0.05,0.865
27456,0.02,0.55,0.43
27457,0.06,0.05,0.89
27458,0.07,0.2,0.73
27459,0.16,0.2941666666666667,0.5458333333333334
27460,0.1,0.20249999999999996,0.6975
27461,0.0,0.0575,0.9425
27462,0.10666666666666666,0.07,0.8233333333333333
27463,0.64,0.035,0.325
27464,0.16,0.16,0.68
27465,0.21,0.09,0.7
27466,0.05333333333333333,0.23,0.7166666666666667
27467,0.01,0.03,0.96
27468,0.01,0.01,0.98
27469,0.02583333333333333,0.1175,0.8566666666666666
27470,0.09,0.02,0.89
27471,0.025,0.03,0.945
27472,0.05,0.1,0.85
27473,0.01,0.03,0.96
27474,0.28545238095238096,0.2,0.5145476190476191
27475,0.06,0.45,0.49
27476,0.04,0.69,0.27
27477,0.04,0.3666666666666666,0.5933333333333333
27478,0.0,0.006,0.9940000000000001
27479,0.64,0.08,0.28
27480,0.14,0.45,0.41
27481,0.05833333333333334,0.34,0.6016666666666667
27482,0.06,0.07,0.87
27483,0.03833333333333333,0.2346666666666667,0.727
27484,0.13333333333333333,0.38966666666666666,0.477
27485,0.1,0.12,0.78
27486,0.01,0.68,0.31
27487,0.19035714285714284,0.04285714285714286,0.7667857142857143
27488,0.1,0.22,0.68
27489,0.02,0.01,0.97
27490,0.04,0.14,0.82
27491,0.09,0.81,0.1
27492,0.13,0.1,0.77
27493,0.02,0.03,0.95
27494,0.09,0.08,0.83
27495,0.05,0.2523333333333333,0.6976666666666665
27496,0.055,0.76,0.185
27497,0.01,0.43,0.56
27498,0.87,0.01,0.12
27499,0.15,0.08,0.77
27500,0.0,0.0,1.0
27501,0.08,0.1075,0.8125
27502,0.01,0.89,0.1
27503,0.02333333333333333,0.016666666666666666,0.96
27504,0.0,0.85,0.15
27505,0.19,0.01,0.8
27506,0.45699999999999996,0.05,0.49300000000000005
27507,0.259,0.061,0.68
27508,0.04,0.04,0.92
27509,0.03,0.02,0.95
27510,0.73,0.06,0.21
27511,0.035,0.03,0.935
27512,0.0,0.04,0.96
27513,0.34333333333333327,0.6366666666666666,0.02
27514,0.09666666666666668,0.06333333333333332,0.8400000000000002
27515,0.02,0.10083333333333334,0.8791666666666668
27516,0.03,0.29,0.68
27517,0.38,0.06,0.56
27518,0.08166666666666667,0.075,0.8433333333333333
27519,0.1,0.12428571428571429,0.7757142857142857
27520,0.05,0.23,0.72
27521,0.11,0.88,0.01
27522,0.16,0.83,0.01
27523,0.27,0.68,0.05
27524,0.0,0.11166666666666666,0.8883333333333333
27525,0.12,0.17,0.71
27526,0.024722222222222222,0.11472222222222221,0.8605555555555555
27527,0.4507142857142858,0.06,0.4892857142857143
27528,0.1075,0.09,0.8025
27529,0.06,0.57,0.37
27530,0.01,0.43,0.56
27531,0.07333333333333333,0.15833333333333333,0.7683333333333334
27532,0.03,0.05,0.92
27533,0.04,0.13,0.83
27534,0.06,0.6940000000000001,0.24600000000000002
27535,0.51,0.26,0.23
27536,0.08,0.08,0.84
27537,0.07333333333333333,0.15,0.7766666666666666
27538,0.01,0.39,0.6
27539,0.2925,0.55,0.1575
27540,0.113,0.04,0.847
27541,0.56,0.29,0.15
27542,0.0275,0.745,0.2275
27543,0.2894523809523809,0.0,0.710547619047619
27544,0.01,0.02,0.97
27545,0.07666666666666666,0.10833333333333332,0.815
27546,0.24,0.145,0.615
27547,0.33,0.55,0.12
27548,0.0575,0.35416666666666663,0.5883333333333334
27549,0.09,0.29650000000000004,0.6135
27550,0.03,0.02,0.95
27551,0.1,0.15,0.75
27552,0.0,0.04333333333333333,0.9566666666666666
27553,0.09333333333333332,0.171,0.7356666666666666
27554,0.04,0.93,0.03
27555,0.04,0.06,0.9
27556,0.0,0.31,0.69
27557,0.02,0.03,0.95
27558,0.08,0.07,0.85
27559,0.10333333333333333,0.24333333333333335,0.6533333333333333
27560,0.04,0.11666666666666665,0.8433333333333333
27561,0.02,0.03833333333333333,0.9416666666666665
27562,0.08,0.33,0.59
27563,0.01,0.2859761904761905,0.7040238095238094
27564,0.09,0.08,0.83
27565,0.04,0.04,0.92
27566,0.04875,0.03,0.92125
27567,0.09,0.05,0.86
27568,0.66,0.215,0.12500000000000003
27569,0.04666666666666666,0.17,0.7833333333333333
27570,0.105,0.23,0.665
27571,0.66,0.31,0.03
27572,0.2425,0.14,0.6175
27573,0.84,0.04,0.12
27574,0.04,0.20833333333333337,0.7516666666666666
27575,0.02,0.11,0.87
27576,0.01,0.84,0.15
27577,0.07166666666666666,0.24833333333333335,0.68
27578,0.07,0.08,0.85
27579,0.12,0.19,0.69
27580,0.0,0.23,0.77
27581,0.49,0.04333333333333334,0.46666666666666673
27582,0.285,0.195,0.52
27583,0.58,0.04,0.38
27584,0.06,0.05,0.89
27585,0.01,0.0,0.99
27586,0.08,0.01,0.91
27587,0.02,0.71,0.27
27588,0.0,0.955,0.045
27589,0.06,0.09,0.85
27590,0.1,0.2,0.7
27591,0.142,0.05,0.8079999999999999
27592,0.03,0.03,0.94
27593,0.04,0.08,0.88
27594,0.02,0.75,0.23
27595,0.06333333333333334,0.18833333333333335,0.7483333333333334
27596,0.08,0.166,0.7539999999999999
27597,0.01,0.17,0.82
27598,0.05,0.14,0.81
27599,0.14,0.22416666666666668,0.6358333333333334
27600,0.5825,0.04,0.3775
27601,0.59,0.09,0.32
27602,0.14333333333333334,0.23,0.6266666666666666
27603,0.675,0.19,0.135
27604,0.1,0.05,0.85
27605,0.3423333333333333,0.18766666666666665,0.47
27606,0.07,0.03166666666666667,0.8983333333333334
27607,0.4,0.1307142857142857,0.4692857142857143
27608,0.03,0.03,0.94
27609,0.02,0.155,0.825
27610,0.011428571428571429,0.7385714285714287,0.25
27611,0.2193333333333333,0.7106666666666667,0.07
27612,0.04,0.67,0.29
27613,0.22,0.13,0.65
27614,0.91,0.01,0.08
27615,0.01,0.05,0.94
27616,0.89,0.11,0.0
27617,0.06,0.8,0.14
27618,0.06,0.07,0.87
27619,0.05366666666666666,0.113,0.8333333333333333
27620,0.23,0.55,0.22
27621,0.02,0.75,0.23
27622,0.05,0.93,0.02
27623,0.138,0.11,0.752
27624,0.10333333333333333,0.19,0.7066666666666666
27625,0.03,0.12,0.85
27626,0.3413333333333333,0.09,0.5686666666666667
27627,0.04,0.54,0.42
27628,0.07,0.92,0.01
27629,0.02,0.02,0.96
27630,0.08,0.09166666666666667,0.8283333333333335
27631,0.6966666666666665,0.01,0.29333333333333333
27632,0.02,0.03,0.95
27633,0.06,0.6833333333333335,0.25666666666666665
27634,0.6436666666666667,0.04,0.31633333333333336
27635,0.045,0.242,0.713
27636,0.15778571428571428,0.19,0.6522142857142856
27637,0.032,0.09049999999999998,0.8775
27638,0.04,0.13416666666666668,0.8258333333333334
27639,0.82,0.04,0.14
27640,0.165,0.155,0.68
27641,0.05,0.72,0.23
27642,0.07,0.015,0.915
27643,0.12,0.35,0.53
27644,0.0,0.19333333333333336,0.8066666666666665
27645,0.03333333333333333,0.79,0.17666666666666667
27646,0.04,0.52,0.44
27647,0.4456666666666667,0.065,0.4893333333333333
27648,0.0,0.2673333333333333,0.7326666666666667
27649,0.02,0.05,0.93
27650,0.095,0.44,0.465
27651,0.14476190476190476,0.05428571428571429,0.800952380952381
27652,0.6481666666666667,0.01,0.3418333333333334
27653,0.01,0.02,0.97
27654,0.09,0.05,0.86
27655,0.07,0.0,0.93
27656,0.04,0.49999999999999994,0.46
27657,0.13,0.565,0.305
27658,0.04,0.165,0.795
27659,0.0,0.06288095238095238,0.9371190476190476
27660,0.195,0.315,0.49
27661,0.02,0.0,0.98
27662,0.03,0.29,0.68
27663,0.12666666666666665,0.28,0.5933333333333334
27664,0.05,0.1825,0.7675
27665,0.45,0.09,0.46
27666,0.03,0.6233333333333333,0.3466666666666666
27667,0.0,0.04,0.96
27668,0.17333333333333337,0.175,0.6516666666666666
27669,0.115,0.27,0.615
27670,0.06333333333333332,0.295,0.6416666666666666
27671,0.28600000000000003,0.1,0.614
27672,0.2798333333333333,0.06,0.6601666666666667
27673,0.04416666666666666,0.07,0.8858333333333333
27674,0.0,0.03,0.97
27675,0.09,0.42,0.49
27676,0.0,1.0,0.0
27677,0.03,0.0,0.97
27678,0.025,0.02,0.955
27679,0.04,0.6833333333333332,0.2766666666666666
27680,0.18333333333333335,0.7166666666666666,0.1
27681,0.01,0.56,0.43
27682,0.18333333333333332,0.03,0.7866666666666667
27683,0.02,0.94,0.04
27684,0.61,0.04,0.35
27685,0.07,0.06,0.87
27686,0.02,0.14,0.84
27687,0.0825,0.63,0.2875
27688,0.09333333333333332,0.2366666666666667,0.67
27689,0.03,0.69,0.28
27690,0.02,0.12,0.86
27691,0.01,0.04,0.95
27692,0.07,0.2,0.73
27693,0.0375,0.02,0.9425
27694,0.0,0.145,0.855
27695,0.29166666666666663,0.07,0.6383333333333333
27696,0.06,0.26,0.68
27697,0.12,0.15,0.73
27698,0.19,0.16285714285714284,0.6471428571428572
27699,0.08,0.765,0.155
27700,0.55,0.43,0.02
27701,0.05,0.72,0.23
27702,0.016666666666666666,0.09,0.8933333333333334
27703,0.4,0.125,0.475
27704,0.03,0.25,0.72
27705,0.04,0.04083333333333333,0.9191666666666666
27706,0.05,0.03,0.92
27707,0.05,0.17833333333333332,0.7716666666666667
27708,0.04,0.05,0.91
27709,0.74,0.22,0.04
27710,0.05,0.14216666666666666,0.8078333333333333
27711,0.02,0.07,0.91
27712,0.02,0.10333333333333332,0.8766666666666667
27713,0.05,0.04,0.91
27714,0.11199999999999999,0.248,0.64
27715,0.68,0.02,0.3
27716,0.03,0.175,0.795
27717,0.0,0.0,1.0
27718,0.07,0.07,0.86
27719,0.05,0.075,0.875
27720,0.94,0.0,0.06
27721,0.02,0.54,0.44
27722,0.05,0.04,0.91
27723,0.01,0.04,0.95
27724,0.095,0.27,0.6350000000000001
27725,0.04,0.19,0.77
27726,0.21,0.05,0.74
27727,0.01,0.16833333333333336,0.8216666666666665
27728,0.0,0.01,0.99
27729,0.29000000000000004,0.03,0.6800000000000002
27730,0.02,0.07,0.91
27731,0.06,0.38,0.56
27732,0.075,0.02,0.905
27733,0.07,0.1,0.83
27734,0.0425,0.08,0.8775
27735,0.01,0.315,0.675
27736,0.11,0.87,0.02
27737,0.122,0.11,0.768
27738,0.0,0.0275,0.9725
27739,0.04,0.1,0.86
27740,0.0,0.25,0.75
27741,0.01,0.04,0.95
27742,0.1,0.9,0.0
27743,0.08,0.11,0.81
27744,0.09,0.255,0.655
27745,0.01,0.36,0.63
27746,0.4683333333333334,0.11,0.42166666666666663
27747,0.01,0.03333333333333333,0.9566666666666667
27748,0.015,0.008333333333333333,0.9766666666666666
27749,0.16,0.17625,0.66375
27750,0.0,0.0,1.0
27751,0.03,0.03,0.94
27752,0.02,0.03,0.95
27753,0.0,0.95,0.05
27754,0.134,0.45,0.41600000000000004
27755,0.15,0.37,0.48
27756,0.12614285714285714,0.06,0.8138571428571428
27757,0.1,0.9,0.0
27758,0.07,0.93,0.0
27759,0.69,0.19,0.12
27760,0.1,0.02,0.88
27761,0.01,0.73,0.26
27762,0.15571428571428572,0.3930952380952381,0.45119047619047614
27763,0.295,0.17,0.535
27764,0.01,0.05866666666666667,0.9313333333333332
27765,0.08,0.01,0.91
27766,0.28,0.5,0.22
27767,0.075,0.5375,0.3875
27768,0.0,0.12,0.88
27769,0.095,0.3475,0.5575
27770,0.04,0.45,0.51
27771,0.33,0.16,0.51
27772,0.08,0.56,0.36
27773,0.03,0.79,0.18
27774,0.1,0.2333333333333333,0.6666666666666667
27775,0.20666666666666664,0.7333333333333334,0.06
27776,0.005,0.12,0.875
27777,0.012,0.708,0.28
27778,0.275,0.705,0.02
27779,0.095,0.21333333333333335,0.6916666666666668
27780,0.62,0.15,0.23
27781,0.03,0.08066666666666666,0.8893333333333334
27782,0.6533333333333334,0.105,0.24166666666666667
27783,0.03,0.56,0.41
27784,0.06,0.31,0.63
27785,0.09,0.23,0.68
27786,0.74,0.04,0.22
27787,0.01,0.07,0.92
27788,0.1,0.86,0.04
27789,0.03,0.1,0.87
27790,0.05,0.0,0.95
27791,0.09,0.12,0.79
